970
610
797
357
330
507
430
370
840
960
680
740
17
690
297
837
780
537
800
550
290
807
127
610
1000
420
377
930
510
790
620
840
30
880
590
570
167
747
290
187
187
537
377
270
270
790
597
250
787
617
307
577
767
287
677
960
430
737
760
167
940
867
197
167
120
730
397
610
347
510
190
607
857
827
967
967
780
157
127
370
857
707
500
927
10
190
240
20
167
290
327
927
827
447
130
460
337
660
450
440
397
100
270
197
780
520
940
530
430
980
170
300
590
60
947
170
527
390
50
610
727
457
187
380
777
937
57
77
900
317
460
660
427
537
857
40
487
977
267
267
687
460
450
460
37
27
607
997
657
517
187
107
10
810
707
640
827
370
327
207
117
197
447
737
907
897
907
680
220
887
1000
677
27
310
310
340
47
987
150
160
1000
320
700
507
747
970
610
797
357
330
507
430
370
840
960
680
740
17
690
297
837
780
537
800
550
290
807
127
610
1000
420
377
930
510
790
620
840
30
880
590
570
167
747
290
187
187
537
377
270
270
790
597
250
787
617
307
577
767
287
677
960
430
737
760
167
940
867
197
167
120
730
397
610
347
510
190
607
857
827
967
967
780
157
127
370
857
707
500
927
10
190
240
20
167
290
327
927
827
447
130
460
337
660
450
440
397
100
270
197
780
520
940
530
430
980
170
300
590
60
947
170
527
390
50
610
727
457
187
380
777
937
57
77
900
317
460
660
427
537
857
40
487
977
267
267
687
460
450
460
37
27
607
997
657
517
187
107
10
810
707
640
827
370
327
207
117
197
447
737
907
897
907
680
220
887
1000
677
27
310
310
340
47
987
150
160
1000
320
700
507
747
970
610
797
357
330
507
430
370
840
960
680
740
17
690
297
837
780
537
800
550
290
807
127
610
1000
420
377
930
510
790
620
840
30
880
590
570
167
747
290
187
187
537
377
270
270
790
597
250
787
617
307
577
767
287
677
960
430
737
760
167
940
867
197
167
120
730
397
610
347
510
190
607
857
827
967
967
780
157
127
370
857
707
500
927
10
190
240
20
167
290
327
927
827
447
130
460
337
660
450
440
397
100
270
197
780
520
940
530
430
980
170
300
590
60
947
170
527
390
50
610
727
457
187
380
777
937
57
77
900
317
460
660
427
537
857
40
487
977
267
267
687
460
450
460
37
27
607
997
657
517
187
107
10
810
707
640
827
370
327
207
117
197
447
737
907
897
907
680
220
887
1000
677
27
310
310
340
47
987
150
160
1000
320
700
507
747
