134
196
564
609
275
374
142
970
956
610
186
735
498
659
698
376
809
797
395
298
312
866
324
499
756
655
419
151
122
182
958
255
729
521
216
356
246
357
325
554
318
511
288
168
521
985
895
330
133
289
979
796
507
302
294
262
308
64
413
430
598
370
36
326
242
251
681
840
960
358
393
629
868
680
796
740
17
690
421
149
331
752
297
837
53
942
98
713
6
862
494
603
583
529
928
825
780
961
16
91
318
408
719
537
439
515
628
455
556
49
956
886
800
604
722
204
545
172
916
550
33
761
152
616
290
432
792
421
744
807
511
413
214
229
949
4
743
576
811
651
976
766
536
127
369
610
331
913
781
598
815
813
359
318
428
1000
101
571
420
844
377
930
256
942
510
556
946
605
484
756
255
811
873
790
938
593
751
620
505
531
569
671
344
279
989
123
278
89
46
49
285
422
978
892
364
840
448
661
444
283
416
698
93
288
839
30
880
590
649
736
472
570
759
167
848
747
290
478
187
335
526
823
108
856
715
823
695
514
483
138
796
898
187
888
537
377
270
768
318
270
856
790
839
614
956
39
712
597
516
250
283
41
73
391
896
787
213
942
652
696
79
799
945
617
686
482
994
307
601
311
577
456
452
767
421
408
805
132
4
672
382
287
713
806
677
960
944
241
902
595
288
332
393
233
949
430
66
294
737
666
956
665
474
760
783
894
167
940
378
522
611
111
808
323
916
836
635
859
429
536
805
716
867
197
948
167
626
13
812
714
31
120
730
856
879
865
101
397
804
478
918
414
588
78
89
855
913
723
65
693
610
869
409
828
65
356
347
43
721
510
108
103
629
190
958
859
54
58
607
857
888
525
622
827
602
62
682
866
136
746
559
745
967
967
925
31
674
271
425
746
780
885
848
761
74
157
971
127
215
578
335
102
454
308
928
55
370
961
272
857
707
182
602
673
500
526
55
174
148
832
919
927
716
119
39
141
275
10
619
489
939
953
942
392
612
222
798
333
182
69
190
240
251
143
264
102
20
671
275
167
502
546
445
569
664
836
709
290
845
327
131
135
631
72
526
594
645
323
927
827
743
468
66
345
962
682
447
981
352
73
499
853
618
295
773
633
130
481
275
326
159
405
460
789
828
337
734
473
659
660
299
754
479
716
450
440
397
896
772
100
969
270
952
938
565
76
923
46
556
197
372
714
953
183
854
780
520
940
604
530
951
254
283
430
322
733
221
718
980
993
170
300
262
473
590
178
549
512
224
104
60
947
170
364
129
375
143
648
314
99
178
265
352
812
46
673
896
266
743
228
258
912
527
872
384
468
401
932
331
624
388
390
922
909
753
51
283
248
50
949
346
579
565
49
743
610
722
638
875
464
865
485
727
744
356
462
211
756
394
542
732
133
283
653
41
388
55
675
635
457
623
332
35
187
380
777
148
453
415
23
268
631
859
346
726
214
808
937
321
553
478
52
685
112
57
77
499
463
751
485
919
726
168
954
264
900
82
412
352
848
786
972
479
644
317
204
209
124
492
529
676
321
933
712
433
341
788
283
155
891
768
74
616
935
379
879
834
460
642
538
660
427
509
138
422
825
693
982
301
537
511
328
857
795
40
641
487
179
924
641
69
691
66
36
977
796
267
811
256
908
348
267
687
208
756
460
32
448
442
684
336
304
12
545
450
403
185
936
581
460
928
2
502
994
37
479
789
655
289
396
915
988
14
953
195
769
412
578
569
205
262
904
508
625
448
309
27
985
244
607
444
524
608
946
869
997
424
657
651
64
405
565
403
418
517
949
187
281
878
107
485
139
10
345
115
810
653
141
794
249
748
589
772
707
534
640
55
309
648
58
724
404
622
126
174
491
426
712
123
304
818
959
794
827
303
909
636
308
49
781
556
148
370
327
207
255
318
261
564
965
318
639
369
292
117
542
134
542
253
256
197
422
214
991
248
869
899
236
176
299
16
83
447
737
409
5
992
726
265
907
42
583
897
762
226
13
655
359
907
259
966
103
680
179
445
928
399
695
515
926
994
882
8
792
971
768
796
962
845
412
220
887
994
468
1000
219
481
655
929
739
913
894
841
593
425
638
872
823
332
386
101
677
619
108
468
589
876
615
902
72
27
473
310
372
941
310
943
773
964
871
511
876
765
703
468
541
340
691
363
672
428
815
348
47
923
168
987
150
134
889
573
160
361
883
884
653
192
826
425
155
48
935
382
164
638
202
704
329
892
419
1000
320
233
700
718
507
219
704
8
352
944
581
864
305
463
747
309
654
924
734

